3.64643e+1 5.79728e-2
4.10179e+1 2.90721e-2
4.60536e+1 1.74507e-2
5.16786e+1 1.03541e-2
5.80536e+1 5.73042e-3
6.52054e+1 3.11676e-3
3.64911e+1 3.77421e-2
4.10179e+1 2.58880e-2
4.60536e+1 1.54496e-2
5.16786e+1 9.11376e-3
5.80536e+1 5.59900e-3
6.52321e+1 3.66633e-3
3.64911e+1 3.06299e-2
4.10446e+1 1.44947e-2
4.60804e+1 7.10208e-3
5.16518e+1 4.51764e-3
5.80804e+1 2.71175e-3
6.52321e+1 1.67564e-3
3.64375e+1 4.26307e-2
4.09643e+1 1.68539e-2
4.60268e+1 8.70055e-3
5.16250e+1 4.51764e-3
5.80000e+1 2.52943e-3
6.51786e+1 2.38690e-3
