7.86241e+2 6.77376e-3
8.89524e+2 8.11353e-3
9.95758e+2 9.04144e-3
1.11675e+3 9.04144e-3
1.25839e+3 1.03520e-2
1.40889e+3 1.12278e-2
1.57709e+3 1.23995e-2
1.78071e+3 1.34485e-2
1.99613e+3 1.44553e-2
2.24105e+3 1.53978e-2
2.51254e+3 1.65505e-2
2.82239e+3 1.77895e-2
3.15880e+3 2.01850e-2
3.55717e+3 2.43966e-2
3.99096e+3 4.54716e-2
8.83622e+2 1.02590e-2
1.11970e+3 1.07325e-2
1.26134e+3 1.26253e-2
1.41479e+3 1.40692e-2
1.58004e+3 1.58204e-2
1.77481e+3 1.68519e-2
1.99318e+3 1.79507e-2
2.23515e+3 2.05526e-2
2.51254e+3 2.22915e-2
2.82239e+3 2.41774e-2
3.15880e+3 2.86993e-2
3.55422e+3 4.08049e-2
1.00461e+3 1.18524e-2
1.12265e+3 1.27397e-2
1.26429e+3 1.40692e-2
1.41479e+3 1.56782e-2
1.58595e+3 1.76297e-2
1.78071e+3 1.89494e-2
1.99908e+3 2.18928e-2
2.24401e+3 2.43966e-2
2.51844e+3 2.74331e-2
2.82829e+3 3.16942e-2
3.16470e+3 3.72839e-2
3.56013e+3 4.62997e-2
